[0 169 0.007910297317825808]
[0 810 0.010586312498733007]
[1 44 0.007651641521923279]
[1 676 0.019905115942390673]
[1 875 0.015430324747068857]
[2 599 0.0167686762199566]
[2 646 0.010478997673920274]
[2 657 0.013874984128274584]
[3 146 0.018303460662126257]
[3 654 0.018320963265068664]
[4 751 0.028469570248952785]
[4 848 0.005733839447527331]
[5 196 0.022270236454289997]
[5 580 0.009013855435938052]
[6 429 0.013586737798677681]
[6 518 0.014456942787464193]
[6 793 0.015317162205840094]
[7 276 0.015704396575800958]
[7 312 0.024759222201032025]
[8 790 0.02580187265626283]
[9 469 0.005928453782402036]
[9 898 0.00976079469101628]
[10 33 0.00452932430279024]
[10 803 0.0010952658855793555]
[11 52 0.010474188396444307]
[11 291 0.010801061726028781]
[12 30 0.039680595030820644]
[12 850 0.04762614141416052]
[13 112 0.00571750782159472]
[13 273 0.004431425080038736]
[13 382 0.008222323835147649]
[14 383 0.02067771784005374]
[14 612 0.04096899092706989]
[15 75 0.015044975347606257]
[15 470 0.012694057003573416]
[15 687 0.01601240315630309]
[16 398 0.013979154333864166]
[16 513 0.012958186201779735]
[17 824 0.022314070328828824]
[17 891 0.051567503927075126]
[18 212 0.007989262296982429]
[18 533 0.027318830858768507]
[19 113 0.02005297735998536]
[19 541 0.0060888102286073545]
[20 577 0.017550898153656024]
[21 362 0.009167438870263065]
[21 466 0.012262725462146596]
[21 487 0.013133673905270938]
[22 165 0.03080323693769963]
[22 808 0.052241609153199274]
[23 750 0.014029413574700896]
[24 539 0.00903757141050711]
[24 589 0.018238128084043306]
[25 305 0.022070470031696696]
[26 283 0.021226713314926676]
[27 40 0.009397215589105324]
[27 259 0.012469539370222342]
[27 497 0.007778660245678081]
[28 165 0.0379759341615193]
[28 235 0.049133038198299624]
[28 442 0.025067444485627307]
[29 250 0.021390091678156455]
[29 706 0.02278523636041471]
[30 219 0.03661833868926293]
[31 363 0.018164083639974928]
[31 573 0.027562431194653413]
[31 843 0.0182439229487519]
[32 203 0.02001039968116599]
[32 406 0.007728829277452944]
[33 274 0.004907007259014116]
[34 774 0.016030649045188413]
[35 572 0.011422610068193142]
[35 875 0.0025821294022593286]
[36 51 0.01624792311558551]
[36 305 0.015610992687846992]
[36 745 0.003174177988076984]
[37 203 0.01603246394873842]
[37 248 0.006199639271892191]
[38 248 0.024503866488880408]
[38 283 0.014452262547587273]
[39 310 0.007769072986043676]
[40 221 0.011710081615433517]
[41 42 0.009573118339605394]
[41 665 0.004860594622567807]
[42 331 0.022496721723177432]
[42 879 0.015241737996698403]
[43 330 0.013510761001512833]
[43 659 0.02106479475428146]
[43 856 0.02045848776816124]
[44 122 0.008792785481292146]
[44 698 0.01512681497473929]
[45 259 0.005400235587679397]
[46 353 0.004229416503486222]
[46 677 0.0053440528852054196]
[47 700 0.014822041001494372]
[47 761 0.02154315692511189]
[48 359 0.00043826134890199465]
[48 479 0.01081084691455472]
[48 848 0.0039722641452924895]
[49 534 0.014127360828547752]
[49 700 0.01708017380034489]
[50 890 0.0162260407604532]
[51 196 0.012387556371213847]
[51 889 0.008271932323224823]
[52 310 0.009126064639403629]
[53 155 0.01887248333129574]
[53 206 0.03129173541192738]
[53 825 0.015909935606410887]
[54 172 0.016290193307630853]
[55 643 0.005941156426996647]
[55 838 0.011245338570271697]
[56 137 0.003038846387440122]
[56 785 0.011592138065256472]
[57 592 0.006644666884057181]
[57 872 0.005618235550624651]
[58 129 0.00896456537764857]
[58 894 0.004038188119692394]
[59 145 0.0049252191751804]
[59 147 0.004746113165529393]
[59 467 0.009021238382476203]
[60 297 0.010405589903989846]
[60 729 0.033151614530819225]
[61 656 0.010025595345920046]
[62 124 0.01581479767053635]
[62 295 0.01634861175298965]
[63 230 0.02286456962835728]
[63 782 0.03278863808455586]
[64 442 0.02408346104695095]
[65 224 0.006138407631480785]
[65 448 0.005798136184147564]
[66 610 0.008591574611362188]
[66 796 0.01145693603719566]
[67 417 0.031015432658275516]
[67 560 0.023991964160943707]
[68 160 0.009180043542382771]
[69 751 0.01633560815029452]
[70 364 0.010113904558079033]
[70 629 0.0083332173672697]
[70 819 0.009729100487189621]
[71 269 0.005759393317767438]
[71 602 0.011294612360173036]
[72 479 0.0076457013962063945]
[72 692 0.004747538734970374]
[73 615 0.0157947173561299]
[73 787 0.03955238469536345]
[74 750 0.008416775511441578]
[74 851 0.0037471034626781158]
[76 144 0.04484291197959871]
[77 390 0.011938033496359158]
[77 593 0.01073224491894267]
[78 142 0.02824559725737978]
[78 222 0.012162914603827723]
[78 700 0.005022168386263862]
[79 566 0.027599044421863277]
[80 178 0.016409477416721895]
[80 272 0.014711648786248267]
[80 520 0.010755222462132744]
[80 742 0.0015594847899308983]
[81 592 0.006894772027281213]
[81 798 0.005738755283373158]
[82 191 0.0015329070291334554]
[83 459 0.018385509212419254]
[84 386 0.02117298756080489]
[85 246 0.018803439336727207]
[85 249 0.028803081085883104]
[86 249 0.02242842281570723]
[86 663 0.0445145248542548]
[86 840 0.02108075015268862]
[87 417 0.03427010389537846]
[87 731 0.026307937965565055]
[88 522 0.004928140563133688]
[88 681 0.005583587833107991]
[88 779 0.005616290609477869]
[89 287 0.007424402155040935]
[89 674 0.01379807745339679]
[90 154 0.048240786514825586]
[90 807 0.04295361493529944]
[91 92 0.012893319031188281]
[91 618 0.0376477402096059]
[92 515 0.035257113441686964]
[93 166 0.00695459887573019]
[93 194 0.027153081487924887]
[94 386 0.02328235073634013]
[94 421 0.01576800889903322]
[95 251 0.07026731147219199]
[95 808 0.03423805984636995]
[96 348 0.01563220026100054]
[97 165 0.026449040769184192]
[97 277 0.02678087196041121]
[98 331 0.015911458146886142]
[98 374 0.03226907328945187]
[99 121 0.010477814524507368]
[99 562 0.008941042505772821]
[100 169 0.02139904211403916]
[100 462 0.02074245555155113]
[101 436 0.016638503639937924]
[101 585 0.019054337690923382]
[102 473 0.037030502781490046]
[102 671 0.011501381816545269]
[103 648 0.005314412556435506]
[103 664 0.025318571414082638]
[104 695 0.01039281792488927]
[104 847 0.013907199603138909]
[105 462 0.011417384239195392]
[105 561 0.0047687790809002074]
[106 504 0.06301145074381279]
[107 127 0.023020923607449083]
[108 838 0.04878543164716333]
[109 510 0.012314588043862061]
[109 690 0.006456742186274815]
[110 524 0.007129858981071639]
[110 863 0.0036404499021304953]
[111 385 0.05708415445638232]
[111 862 0.05501984634484202]
[112 591 0.024587899428173278]
[113 339 0.011834868438641755]
[113 384 0.017710177797244136]
[114 211 0.021228045039523184]
[114 267 0.008176554822785684]
[114 523 0.02351441898907199]
[115 222 0.0086549899907508]
[115 441 0.009967183024807908]
[116 329 0.01173036555270025]
[117 396 0.009289830348120235]
[117 437 0.001579006742952575]
[118 335 0.015319235670554675]
[119 271 0.04537915230598892]
[119 666 0.018815605969514395]
[119 824 0.021608681610870338]
[120 516 0.024797101367901763]
[120 889 0.014751655560309412]
[121 131 0.015825497970048123]
[122 333 0.009271216217952153]
[123 831 0.01549816310309068]
[124 351 0.022593322165852085]
[125 149 0.03709958869435103]
[125 740 0.010720432545377348]
[126 827 0.02188455310121898]
[126 895 0.049273399298607516]
[127 776 0.029224747485136728]
[128 411 0.03587002252926622]
[129 161 0.014259750470811194]
[129 543 0.014978962606268038]
[130 155 0.013437082328019012]
[130 475 0.021601825583964448]
[130 736 0.018323296701192072]
[131 404 0.010729134334139526]
[132 236 0.008722333990968034]
[132 851 0.010064671222152221]
[133 472 0.04011866899811157]
[134 345 0.00956388613273756]
[134 539 0.007834550005101292]
[135 201 0.016603646303146015]
[135 263 0.012028180452586846]
[135 616 0.012724157836177216]
[136 244 0.024564061631222867]
[136 311 0.0031396752474966037]
[136 396 0.012261826720820507]
[137 307 0.01682966959417284]
[138 481 0.007614665285487646]
[138 604 0.013990313464679395]
[139 721 0.007286071175854404]
[139 809 0.0024921481276683247]
[140 460 0.029243981164677076]
[141 865 0.005443780748706786]
[143 768 0.009277355739649051]
[143 811 0.005511812676425342]
[144 720 0.017423252234872955]
[144 859 0.017486186875360576]
[145 653 0.005471447615584338]
[146 502 0.019853870922568125]
[147 449 0.0031837218142007385]
[148 200 0.00536664187366]
[148 821 0.010501015450428114]
[149 720 0.03387164525454928]
[150 783 0.020399465294463216]
[150 791 0.012616507296395726]
[151 588 0.010911425965929334]
[151 842 0.008507379015662328]
[152 397 0.005199787557194037]
[152 548 0.01056942662825375]
[153 264 0.03734876371729064]
[154 627 0.06470893619976263]
[154 813 0.0649909364324049]
[156 463 0.030612042630310986]
[156 601 0.02270258350937138]
[157 558 0.006498167158704544]
[157 567 0.0025941866206009583]
[158 814 0.010153260609279844]
[158 852 0.011181196827261826]
[159 265 0.01646704988939995]
[160 581 0.016941909538475533]
[161 342 0.011080533301692126]
[161 542 0.012836752470926898]
[162 779 0.00790210676022839]
[163 265 0.015893951771036256]
[163 298 0.008626896663923366]
[163 367 0.011261262099784612]
[164 803 0.0045042431384192064]
[164 848 0.006566611454917277]
[166 347 0.013455325924318579]
[166 439 0.03612210507875947]
[167 625 0.010759495792089877]
[167 644 0.01539609252505335]
[168 656 0.003755178186215437]
[169 640 0.016209628728088076]
[170 652 0.018992707618715222]
[170 791 0.009497878529440035]
[171 724 0.02407695188977395]
[172 204 0.026387774328275486]
[172 675 0.013104820716056466]
[173 255 0.029649615516733063]
[173 349 0.020972188136671586]
[174 621 0.027601022632503996]
[175 272 0.012454957657496277]
[176 341 0.012540054267133255]
[176 599 0.014646310388661741]
[177 721 0.010408009771443268]
[177 872 0.005258100002853022]
[178 325 0.02005082696149948]
[179 230 0.03475830986167245]
[179 801 0.01814297862121957]
[180 285 0.005187521817789864]
[180 339 0.024599000881335306]
[181 622 0.004997970351257058]
[181 665 0.009622474311945538]
[182 547 0.026448944482624106]
[182 757 0.0183536267178408]
[183 309 0.02551325847598478]
[183 393 0.014326879819257078]
[184 243 0.020281598469076824]
[184 346 0.015405842107594672]
[185 512 0.012082677178917674]
[186 536 0.03895839376822359]
[187 403 0.03828074489361512]
[188 422 0.03751102491268445]
[189 410 0.022036702560959066]
[189 834 0.02483356949456873]
[190 582 0.0036292494595735834]
[190 636 0.009574109397743422]
[191 350 0.0014563652563611398]
[192 225 0.044219215789179526]
[192 376 0.01668334392410525]
[193 465 0.02696887652673805]
[193 563 0.030007630515747032]
[194 197 0.029427335153729646]
[194 634 0.03248403685566115]
[195 626 0.0032837248666714074]
[195 682 0.0034663978421397208]
[198 462 0.015285652393336378]
[198 684 0.01997114694778765]
[199 628 0.022288589780530645]
[199 641 0.0071769705363885095]
[200 361 0.007752060913713903]
[200 493 0.0035720792264499644]
[201 871 0.016264073843903066]
[202 397 0.002829374665910526]
[203 761 0.019682546029668516]
[204 281 0.019557530033212613]
[204 343 0.020313008467482564]
[204 771 0.011804008302268553]
[205 334 0.011265741479813372]
[206 377 0.03283501217541903]
[207 226 0.008818623189589408]
[207 701 0.004697576030237579]
[208 231 0.012372684179672607]
[208 657 0.01450706366188003]
[209 308 0.00807882668083173]
[209 877 0.014010079298312992]
[210 381 0.013588022976507548]
[210 677 0.010467615941075046]
[211 322 0.01522639975018738]
[212 501 0.018552676574823377]
[213 570 0.02324058996703952]
[213 579 0.011619277585822149]
[214 873 0.04603535145179208]
[214 883 0.0373161911841234]
[215 240 0.0012129107510544612]
[216 360 0.02015792649877453]
[216 583 0.015712425745568342]
[217 316 0.00504833764322222]
[217 569 0.011648506034679953]
[217 630 0.027203724837051524]
[218 393 0.01328528148916301]
[219 280 0.053167031767815405]
[220 234 0.012773963292965996]
[223 309 0.01353707112377477]
[224 609 0.008395008681350348]
[225 707 0.019515883576205054]
[226 454 0.0069484073973887835]
[227 494 0.028251084333170542]
[227 545 0.024861151059435028]
[227 850 0.041927553172108015]
[228 579 0.019718711915904734]
[228 767 0.004319047045369685]
[229 278 0.011046204917979724]
[229 451 0.017450815704716877]
[229 596 0.0192551983425257]
[231 361 0.013850545550262315]
[232 467 0.0032060530078959213]
[233 416 0.03782152788859288]
[233 846 0.019292105051093605]
[234 519 0.024481131693614024]
[234 888 0.012546952994251893]
[235 618 0.028200285571383772]
[236 434 0.012672260025741663]
[237 339 0.017523832996521712]
[237 512 0.019881568197704463]
[238 480 0.03747784754438267]
[238 538 0.03410093957649828]
[238 778 0.02732221037910411]
[239 318 0.03353680784883974]
[239 481 0.020749201077632298]
[240 441 0.014845534066850668]
[240 833 0.006546331507799552]
[241 442 0.030444063104159022]
[241 853 0.011977266375931696]
[242 895 0.05759892463701081]
[245 320 0.04829996374129111]
[245 760 0.02634321057626724]
[246 373 0.05559943306446504]
[247 381 0.021888469298007297]
[247 517 0.014883191219961508]
[247 812 0.012189049789052676]
[249 453 0.0160148971585852]
[251 357 0.08304639698333934]
[251 472 0.06341413250214835]
[252 724 0.012409551543161607]
[252 748 0.022985254116498134]
[253 265 0.016419016086539447]
[253 726 0.03379128276123873]
[254 675 0.02377268024434764]
[255 609 0.028835573037656617]
[256 827 0.06184913631377571]
[257 590 0.03420729534412116]
[257 825 0.027760142077445888]
[258 556 0.03259122597509933]
[258 770 0.041078785588670744]
[260 641 0.009567372612712226]
[261 474 0.003458709385030705]
[261 544 0.004975574178919038]
[261 701 0.006197387531055202]
[262 421 0.009813453469599928]
[263 839 0.0041021677635186245]
[264 480 0.015093109694491806]
[266 288 0.020912636054788]
[266 737 0.017335587928016746]
[267 319 0.007993412475281222]
[268 323 0.016181741471176556]
[268 707 0.005710550397289855]
[269 402 0.01076740869715844]
[269 892 0.006291478269019789]
[270 405 0.004709389981737638]
[270 752 0.013270334721088113]
[273 631 0.015637132988179772]
[274 423 0.006758541577147268]
[274 703 0.0003693643190483328]
[275 296 0.006056660502290661]
[275 428 0.01465715137432974]
[275 591 0.013588913328150152]
[276 773 0.019722844039337654]
[277 459 0.03536956126516084]
[277 511 0.0326723009886053]
[278 571 0.030772206888846954]
[279 870 0.002893995373629441]
[280 529 0.04840281707969035]
[282 556 0.03544444502330363]
[282 670 0.02425292836112821]
[284 806 0.02595184180361808]
[286 715 0.01097236729288615]
[287 479 0.007980403526131469]
[287 642 0.0215498409544012]
[288 424 0.004463121048101642]
[288 756 0.014333075673072359]
[289 291 0.008590615967578135]
[289 578 0.008476947552618923]
[290 838 0.022160909193667536]
[292 465 0.010557687185171844]
[292 780 0.04351076309156118]
[293 669 0.053998485656173864]
[293 706 0.04949735398675311]
[294 367 0.009396173104515043]
[294 570 0.015513002678077852]
[297 771 0.020890138157752133]
[297 859 0.02343366043024442]
[298 691 0.012294512852894407]
[299 399 0.012644668678931268]
[300 346 0.030368389866768954]
[300 874 0.028211990885179398]
[301 754 0.023970570207025622]
[301 877 0.014799408814969339]
[302 377 0.005386275822869965]
[303 354 0.03607003041307325]
[304 784 0.0024239255814367377]
[304 837 0.0034077755809470535]
[305 426 0.020707012341958285]
[306 492 0.011249406130547871]
[306 861 0.015642453094383942]
[307 435 0.02922383721142676]
[308 489 0.0037427276317946096]
[308 832 0.009616418868845606]
[309 668 0.0369774926869016]
[310 450 0.012343120542553808]
[311 867 0.014748565022541656]
[312 346 0.02795422158122446]
[312 478 0.023178503473047805]
[313 773 0.00523701699061191]
[314 334 0.030562694993897285]
[314 775 0.006542018839011437]
[315 532 0.04385008362375255]
[317 424 0.02632457747524166]
[318 763 0.031487646690249435]
[319 554 0.012100388638799966]
[320 873 0.050808019504798956]
[321 458 0.016436731703413743]
[321 470 0.012822558925970652]
[323 762 0.008956559046864163]
[324 651 0.005619920911364829]
[325 418 0.02415457711159506]
[326 413 0.014480382238394138]
[326 549 0.005797952828369499]
[326 776 0.02383326047711477]
[327 328 0.01794610817976978]
[327 432 0.00519314543990479]
[328 355 0.011819256195717057]
[329 728 0.019097878651305807]
[330 683 0.015701185179470008]
[332 727 0.012250675209554827]
[332 853 0.021778135646561194]
[334 546 0.012796173937550554]
[335 843 0.006388815696981193]
[336 871 0.016083023928664154]
[337 466 0.010265749007744565]
[337 604 0.014564602180972839]
[338 385 0.023012456735430804]
[338 565 0.021739493876351393]
[340 502 0.012411468783345338]
[341 475 0.01974507137248092]
[341 696 0.003578039268929374]
[342 574 0.011036105706273273]
[343 566 0.03108477407027441]
[344 498 0.014295874792751512]
[345 400 0.03345604925221175]
[345 440 0.033772708515492744]
[347 563 0.008809408327292753]
[348 635 0.019402468631593617]
[350 593 0.0059124348757567426]
[351 533 0.020488234073487346]
[352 425 0.0175110101239614]
[352 536 0.030748469608122126]
[352 628 0.02251193174979698]
[353 446 0.010395265894147167]
[354 669 0.024481830242041064]
[355 718 0.01692871887651264]
[355 790 0.015395288091165972]
[356 446 0.012712606263468922]
[357 820 0.07538219625217868]
[358 753 0.012037526516690055]
[358 846 0.05131747046020145]
[360 768 0.012082208861379349]
[362 451 0.01656556585963793]
[364 582 0.009362638044900132]
[365 402 0.011420451565498976]
[365 845 0.003367419908486294]
[366 816 0.014034516973876546]
[368 443 0.03584146300027467]
[368 553 0.028949741294180993]
[369 556 0.004862128344663565]
[370 524 0.005817423109930247]
[370 819 0.008323907751165979]
[371 527 0.0026237143594230535]
[371 858 0.005736488633294139]
[372 633 0.020149364378064104]
[372 760 0.05501987968726923]
[373 391 0.04913347293180084]
[373 800 0.04400314067200219]
[374 667 0.008202407329561803]
[375 418 0.024976233095483368]
[376 429 0.015499059616634637]
[376 572 0.014430496912095228]
[378 766 0.05378559793885336]
[379 702 0.023496831004199425]
[379 836 0.02575178922424523]
[380 404 0.02186681817754916]
[380 801 0.020723958248607878]
[381 656 0.00389061614142706]
[382 458 0.013209702972058548]
[382 463 0.0253726686970445]
[383 722 0.034668325692436955]
[385 564 0.033530911141810955]
[386 502 0.026518628038418146]
[387 392 0.014124489415550832]
[387 712 0.027761796663760545]
[388 439 0.005971826782680665]
[389 427 0.012714418490831512]
[389 652 0.01870284045512859]
[393 695 0.014558329725468916]
[394 669 0.05257129679064429]
[394 753 0.04489280435448407]
[395 559 0.0014328442099540146]
[395 644 0.025340934838714968]
[395 790 0.016754395235280842]
[396 710 0.012042405738897385]
[398 714 0.01494821351232233]
[399 589 0.01375770023514071]
[400 842 0.010103385205093959]
[401 472 0.0567757732044223]
[401 735 0.06761793785120936]
[403 566 0.04178198400028544]
[403 893 0.05676079783098514]
[404 588 0.035459845926906736]
[405 484 0.009098111287523619]
[405 522 0.005048893542147414]
[407 638 0.013403002865400304]
[408 683 0.013007135297212508]
[408 719 0.022079607486094402]
[409 635 0.042470305426262345]
[409 697 0.020510691699696052]
[410 810 0.012126271794742452]
[411 662 0.029296191278219613]
[411 690 0.03816407381399398]
[411 794 0.019457823657593295]
[412 823 0.012602030717702911]
[413 537 0.001182279683493142]
[413 679 0.02238298151922572]
[414 626 0.02044276544624108]
[414 645 0.023467540646603918]
[415 755 0.010712809465775661]
[416 628 0.023695526105737125]
[417 457 0.049209593922323824]
[418 461 0.016575478267910157]
[418 586 0.004579695103384091]
[419 858 0.005874680077218479]
[420 854 0.014477561790923925]
[421 714 0.01901847446274292]
[422 675 0.025750261610322074]
[425 486 0.018451233942472566]
[425 494 0.02441020329698005]
[426 725 0.0023048765021130863]
[426 881 0.014099300903590998]
[427 897 0.027672559955486647]
[428 568 0.026195910697092085]
[428 854 0.020860330285975334]
[430 560 0.03690269070528609]
[431 500 0.04885271939708102]
[431 882 0.05051140033086]
[432 686 0.012460446518484013]
[433 499 0.04437709591244832]
[433 741 0.008430922087175515]
[434 831 0.010237711342385629]
[435 509 0.004370010311484428]
[436 730 0.011655152378663177]
[437 699 0.00452025046013586]
[438 531 0.026194096566403372]
[438 813 0.01703162799059295]
[440 828 0.011905908617154043]
[444 734 0.018485445830706312]
[444 817 0.013541961082501617]
[445 632 0.002382179204013441]
[445 772 0.004170603524670072]
[447 466 0.0035911597583491595]
[448 796 0.01571443453811846]
[449 805 0.0023795970082063408]
[450 689 0.004889280521968468]
[452 563 0.02653103457861679]
[454 653 0.005104580017988919]
[455 559 0.017410750414901626]
[456 634 0.049760254384498416]
[456 841 0.031091639426219727]
[457 826 0.01048738771095938]
[459 844 0.030049432137064017]
[460 773 0.004012992101908748]
[464 746 0.02523218175980779]
[465 795 0.012265393520730965]
[467 578 0.009911290892714163]
[468 688 0.0025244009289197506]
[468 880 0.026618635644225837]
[469 671 0.02611882714461059]
[470 774 0.011647983443067228]
[471 525 0.045934987892291314]
[471 781 0.006165513931550237]
[473 619 0.015587727705156441]
[476 558 0.007440443626561796]
[476 589 0.015583034235989748]
[476 643 0.005896969992294335]
[477 618 0.02650139888081358]
[478 632 0.02428021967445993]
[482 485 0.0008822537276317493]
[482 658 0.0004962394682377423]
[483 705 0.015259161027074825]
[483 894 0.007178373662604146]
[484 639 0.0020279280682693347]
[484 658 0.006029192905356282]
[485 717 0.006775891159099413]
[488 709 0.011612721663757684]
[489 757 0.0023594449598983397]
[490 684 0.022814033142999922]
[491 522 0.00225923759044183]
[493 555 0.003132815992076314]
[495 886 0.01038673200963574]
[496 649 0.011696393215434291]
[497 863 0.009994951500755288]
[498 710 0.01085763123521743]
[499 509 0.031121474078841613]
[500 739 0.02676054852875598]
[500 891 0.025208200413296272]
[503 631 0.01076409305097092]
[504 564 0.031512039049225685]
[505 760 0.033030737572145204]
[505 846 0.0249919093562761]
[506 704 0.005101860656018098]
[507 594 0.004115219859236092]
[508 718 0.024367330997054282]
[513 749 0.008436726868280958]
[513 857 0.010483626977816771]
[514 697 0.037612641293054534]
[514 787 0.031492877205647356]
[515 732 0.013270095374185348]
[516 654 0.016572913025777316]
[517 661 0.015630568164982036]
[519 874 0.0237359328962968]
[520 672 0.02086223019400303]
[521 597 0.03028526652103333]
[525 878 0.03462574035547842]
[526 551 0.017746544388813006]
[526 638 0.006146357991525926]
[526 741 0.027676286688066244]
[526 874 0.03250930205432844]
[527 617 0.010404150535255802]
[528 839 0.013291569782766277]
[528 884 0.0030135481811136787]
[529 829 0.01905813227889841]
[530 617 0.003258047937015882]
[531 754 0.051935269594081346]
[532 557 0.024309538445021456]
[532 780 0.04971116078910225]
[533 603 0.013623470323306554]
[534 698 0.004797120112106681]
[535 803 0.0054616900168422714]
[537 843 0.011367696796184953]
[538 553 0.0565411757482991]
[540 781 0.024656181804164123]
[541 722 0.022924211781992238]
[544 823 0.00443921006486903]
[546 887 0.028357200258312308]
[547 830 0.03850439181092111]
[547 849 0.016405004644464264]
[548 617 0.006522980266727056]
[548 869 0.012386664857420049]
[549 822 0.02851607779656928]
[550 621 0.036727527783529675]
[550 826 0.018650461120304534]
[552 676 0.01359697490069013]
[554 799 0.013724317666827836]
[554 861 0.01678658946778587]
[557 597 0.04721307418671208]
[560 886 0.03537845737012856]
[562 691 0.02888137771107926]
[565 844 0.04453759042382037]
[568 868 0.016603208580271686]
[569 729 0.04385781031937158]
[571 694 0.02281277462651127]
[573 719 0.017636284241585493]
[574 600 0.0239012522602892]
[575 601 0.050087963953429]
[576 746 0.01884021278665335]
[576 842 0.0041339972811007]
[577 652 0.01869680046318073]
[577 770 0.019309171013018732]
[578 765 0.007781660917323826]
[580 860 0.005938799074728822]
[580 896 0.005169008017984872]
[581 736 0.023943728393042683]
[581 878 0.03432964789157839]
[582 738 0.00970403565327601]
[583 613 0.018818236741257193]
[583 686 0.00943728223218971]
[583 897 0.016020636867802848]
[584 620 0.039181018282326514]
[584 630 0.02733570389508965]
[584 670 0.024838799691007725]
[585 764 0.004754950140630339]
[587 647 0.019671173026791812]
[587 769 0.020112182634373057]
[592 699 0.008180807358695814]
[593 717 0.00891581670347107]
[594 823 0.006382393946624338]
[595 703 0.0025294237703249616]
[596 659 0.025623400024977216]
[597 893 0.02409931814906594]
[598 623 0.01585435233271875]
[598 655 0.02720571315165269]
[600 890 0.012072487109128813]
[601 623 0.012152164128252325]
[602 815 0.008382422815970467]
[603 889 0.01362170592840728]
[605 648 0.012308638829700099]
[606 883 0.012951763210080854]
[607 800 0.047294191770765825]
[608 673 0.006614305605276316]
[608 793 0.010871727346195214]
[609 660 0.009474398051590428]
[610 661 0.009724121156058512]
[611 723 0.022385407076933192]
[611 852 0.030727385554420672]
[612 818 0.025991964493088205]
[613 680 0.020849100125664953]
[614 747 0.011003712550326976]
[615 723 0.023482611178487083]
[616 677 0.011642296289377525]
[619 841 0.041545047957731264]
[620 712 0.02625182120939398]
[621 801 0.0144123077697497]
[622 674 0.005196155213234479]
[624 896 0.0013460182353926622]
[629 869 0.013912342552209746]
[631 727 0.011003904080369687]
[637 764 0.010383389958964128]
[639 879 0.014951045353415538]
[641 864 0.0170417244246277]
[642 796 0.022637430884377457]
[645 734 0.020112006911544703]
[647 785 0.0198005655686896]
[649 687 0.01498609775792338]
[650 738 0.0013663632607004157]
[650 765 0.005644214509402535]
[651 811 0.0027964644696469683]
[655 693 0.021242083842222714]
[657 660 0.005719034373033991]
[662 767 0.025382758726398936]
[664 719 0.006302161295936035]
[666 777 0.0400344021791251]
[666 827 0.041812862410507176]
[667 867 0.024831622175970937]
[668 882 0.04249529155744467]
[672 716 0.028327612075457236]
[672 769 0.01692586696584773]
[673 755 0.026069636327535926]
[678 884 0.002541589966893072]
[684 716 0.02224716198439922]
[685 821 0.009562682155134365]
[688 795 0.028482724981439698]
[688 877 0.053505286243813455]
[689 713 0.0010375170457802803]
[692 715 0.005296301548244894]
[701 809 0.004517517610389665]
[702 730 0.0171021377220643]
[702 847 0.018071046015378515]
[704 765 0.008705852371568212]
[707 887 0.019616912682937342]
[708 795 0.022524170497320924]
[709 845 0.006127014088439639]
[711 884 0.004907071571724054]
[713 784 0.0017189804544419604]
[726 763 0.029766125247502793]
[728 875 0.01851066514202058]
[731 766 0.027612373114239575]
[732 883 0.02272152345882622]
[733 789 0.006653580166160456]
[735 778 0.06487914412690698]
[735 800 0.047433814254073725]
[737 852 0.01525086712157595]
[740 767 0.02896262402826261]
[743 816 0.026502512033579357]
[743 887 0.023274342808336897]
[744 797 0.008568182710525568]
[744 892 0.001703298344336187]
[745 792 0.02176181299892124]
[747 803 0.017544192949522763]
[748 860 0.005473373524620051]
[749 854 0.021262804696464226]
[750 833 0.011299272568178975]
[755 786 0.013833947581583659]
[756 775 0.02345283940506977]
[758 818 0.012441997126770238]
[759 817 0.02078432056262654]
[764 845 0.005470484494990458]
[775 876 0.016402517563166286]
[788 807 0.019020276206196857]
[789 834 0.02886213840893263]
[792 799 0.016398229747750383]
[797 837 0.0015480768252783218]
[798 865 0.00376636458804863]
[802 846 0.037940752049605786]
[804 830 0.02076705732644948]
[806 853 0.02550028185412854]
[807 862 0.044676498356966146]
[814 883 0.013701566371767957]
[815 866 0.013342277284185269]
[817 857 0.01508433583423438]
[818 888 0.023997339045194167]
[833 885 0.009533185235271377]
[834 864 0.013545984938719037]
[834 870 0.007563027587004566]
[835 849 0.019959807520615252]
[835 899 0.03704461164671824]
[847 898 0.018790566879151743]
[855 880 0.007350671346890779]
[866 894 0.00975242764648013]
